1.000000000000000000e+00 -8.451542547285166851e-01 1.183215956619923181e+00 1.290994448735805600e+00 1.000000000000000000e+00 7.745966692414834043e-01
1.000000000000000000e+00 -8.451542547285166851e-01 1.183215956619923181e+00 1.290994448735805600e+00 1.000000000000000000e+00 7.745966692414834043e-01
1.000000000000000000e+00 -8.451542547285166851e-01 1.183215956619923181e+00 1.290994448735805600e+00 1.000000000000000000e+00 7.745966692414834043e-01
1.000000000000000000e+00 -8.451542547285166851e-01 1.183215956619923181e+00 1.290994448735805600e+00 1.000000000000000000e+00 7.745966692414834043e-01
1.000000000000000000e+00 -8.451542547285166851e-01 1.183215956619923181e+00 1.290994448735805600e+00 1.000000000000000000e+00 7.745966692414834043e-01
1.000000000000000000e+00 -8.451542547285166851e-01 1.183215956619923181e+00 1.290994448735805600e+00 1.000000000000000000e+00 7.745966692414834043e-01
1.000000000000000000e+00 -8.451542547285166851e-01 1.183215956619923181e+00 1.290994448735805600e+00 1.000000000000000000e+00 7.745966692414834043e-01
1.000000000000000000e+00 -8.451542547285166851e-01 1.183215956619923181e+00 1.290994448735805600e+00 1.000000000000000000e+00 7.745966692414834043e-01
1.000000000000000000e+00 -8.451542547285166851e-01 1.183215956619923181e+00 1.290994448735805600e+00 1.000000000000000000e+00 7.745966692414834043e-01
1.000000000000000000e+00 -8.451542547285166851e-01 1.183215956619923181e+00 1.290994448735805600e+00 1.000000000000000000e+00 7.745966692414834043e-01
1.000000000000000000e+00 -8.451542547285166851e-01 1.183215956619923181e+00 1.290994448735805600e+00 1.000000000000000000e+00 7.745966692414834043e-01
1.000000000000000000e+00 -8.451542547285166851e-01 1.183215956619923181e+00 1.290994448735805600e+00 1.000000000000000000e+00 7.745966692414834043e-01
1.000000000000000000e+00 -8.451542547285166851e-01 1.183215956619923181e+00 1.290994448735805600e+00 1.000000000000000000e+00 7.745966692414834043e-01
1.000000000000000000e+00 -8.451542547285166851e-01 1.183215956619923181e+00 1.290994448735805600e+00 1.000000000000000000e+00 7.745966692414834043e-01
1.000000000000000000e+00 -8.451542547285166851e-01 1.183215956619923181e+00 1.290994448735805600e+00 1.000000000000000000e+00 7.745966692414834043e-01
-1.000000000000000000e+00 -8.451542547285166851e-01 1.183215956619923181e+00 -7.745966692414834043e-01 1.000000000000000000e+00 7.745966692414834043e-01
-1.000000000000000000e+00 -8.451542547285166851e-01 1.183215956619923181e+00 -7.745966692414834043e-01 1.000000000000000000e+00 7.745966692414834043e-01
-1.000000000000000000e+00 -8.451542547285166851e-01 1.183215956619923181e+00 -7.745966692414834043e-01 1.000000000000000000e+00 7.745966692414834043e-01
-1.000000000000000000e+00 -8.451542547285166851e-01 1.183215956619923181e+00 -7.745966692414834043e-01 1.000000000000000000e+00 7.745966692414834043e-01
-1.000000000000000000e+00 -8.451542547285166851e-01 1.183215956619923181e+00 -7.745966692414834043e-01 1.000000000000000000e+00 7.745966692414834043e-01
-1.000000000000000000e+00 1.183215956619923181e+00 1.183215956619923181e+00 -7.745966692414834043e-01 -1.000000000000000000e+00 7.745966692414834043e-01
-1.000000000000000000e+00 1.183215956619923181e+00 1.183215956619923181e+00 -7.745966692414834043e-01 -1.000000000000000000e+00 7.745966692414834043e-01
-1.000000000000000000e+00 1.183215956619923181e+00 1.183215956619923181e+00 -7.745966692414834043e-01 -1.000000000000000000e+00 7.745966692414834043e-01
-1.000000000000000000e+00 1.183215956619923181e+00 1.183215956619923181e+00 -7.745966692414834043e-01 -1.000000000000000000e+00 7.745966692414834043e-01
-1.000000000000000000e+00 1.183215956619923181e+00 1.183215956619923181e+00 -7.745966692414834043e-01 -1.000000000000000000e+00 7.745966692414834043e-01
-1.000000000000000000e+00 1.183215956619923181e+00 -8.451542547285166851e-01 -7.745966692414834043e-01 -1.000000000000000000e+00 -1.290994448735805600e+00
-1.000000000000000000e+00 1.183215956619923181e+00 -8.451542547285166851e-01 -7.745966692414834043e-01 -1.000000000000000000e+00 -1.290994448735805600e+00
-1.000000000000000000e+00 1.183215956619923181e+00 -8.451542547285166851e-01 -7.745966692414834043e-01 -1.000000000000000000e+00 -1.290994448735805600e+00
-1.000000000000000000e+00 1.183215956619923181e+00 -8.451542547285166851e-01 -7.745966692414834043e-01 -1.000000000000000000e+00 -1.290994448735805600e+00
-1.000000000000000000e+00 1.183215956619923181e+00 -8.451542547285166851e-01 -7.745966692414834043e-01 -1.000000000000000000e+00 -1.290994448735805600e+00
1.000000000000000000e+00 1.183215956619923181e+00 -8.451542547285166851e-01 -7.745966692414834043e-01 -1.000000000000000000e+00 -1.290994448735805600e+00
1.000000000000000000e+00 1.183215956619923181e+00 -8.451542547285166851e-01 -7.745966692414834043e-01 -1.000000000000000000e+00 -1.290994448735805600e+00
1.000000000000000000e+00 1.183215956619923181e+00 -8.451542547285166851e-01 -7.745966692414834043e-01 -1.000000000000000000e+00 -1.290994448735805600e+00
1.000000000000000000e+00 1.183215956619923181e+00 -8.451542547285166851e-01 -7.745966692414834043e-01 -1.000000000000000000e+00 -1.290994448735805600e+00
1.000000000000000000e+00 1.183215956619923181e+00 -8.451542547285166851e-01 -7.745966692414834043e-01 -1.000000000000000000e+00 -1.290994448735805600e+00
1.000000000000000000e+00 1.183215956619923181e+00 -8.451542547285166851e-01 -7.745966692414834043e-01 -1.000000000000000000e+00 -1.290994448735805600e+00
1.000000000000000000e+00 1.183215956619923181e+00 -8.451542547285166851e-01 -7.745966692414834043e-01 -1.000000000000000000e+00 -1.290994448735805600e+00
1.000000000000000000e+00 1.183215956619923181e+00 -8.451542547285166851e-01 -7.745966692414834043e-01 -1.000000000000000000e+00 -1.290994448735805600e+00
1.000000000000000000e+00 1.183215956619923181e+00 -8.451542547285166851e-01 -7.745966692414834043e-01 -1.000000000000000000e+00 -1.290994448735805600e+00
1.000000000000000000e+00 1.183215956619923181e+00 -8.451542547285166851e-01 -7.745966692414834043e-01 -1.000000000000000000e+00 -1.290994448735805600e+00
1.000000000000000000e+00 -8.451542547285166851e-01 -8.451542547285166851e-01 1.290994448735805600e+00 1.000000000000000000e+00 7.745966692414834043e-01
1.000000000000000000e+00 -8.451542547285166851e-01 -8.451542547285166851e-01 1.290994448735805600e+00 1.000000000000000000e+00 7.745966692414834043e-01
1.000000000000000000e+00 -8.451542547285166851e-01 -8.451542547285166851e-01 1.290994448735805600e+00 1.000000000000000000e+00 7.745966692414834043e-01
1.000000000000000000e+00 -8.451542547285166851e-01 -8.451542547285166851e-01 1.290994448735805600e+00 1.000000000000000000e+00 7.745966692414834043e-01
1.000000000000000000e+00 -8.451542547285166851e-01 -8.451542547285166851e-01 1.290994448735805600e+00 1.000000000000000000e+00 7.745966692414834043e-01
-1.000000000000000000e+00 -8.451542547285166851e-01 -8.451542547285166851e-01 1.290994448735805600e+00 1.000000000000000000e+00 7.745966692414834043e-01
-1.000000000000000000e+00 -8.451542547285166851e-01 -8.451542547285166851e-01 1.290994448735805600e+00 1.000000000000000000e+00 7.745966692414834043e-01
-1.000000000000000000e+00 -8.451542547285166851e-01 -8.451542547285166851e-01 1.290994448735805600e+00 1.000000000000000000e+00 7.745966692414834043e-01
-1.000000000000000000e+00 -8.451542547285166851e-01 -8.451542547285166851e-01 1.290994448735805600e+00 1.000000000000000000e+00 7.745966692414834043e-01
-1.000000000000000000e+00 -8.451542547285166851e-01 -8.451542547285166851e-01 1.290994448735805600e+00 1.000000000000000000e+00 7.745966692414834043e-01
-1.000000000000000000e+00 -8.451542547285166851e-01 -8.451542547285166851e-01 1.290994448735805600e+00 1.000000000000000000e+00 7.745966692414834043e-01
-1.000000000000000000e+00 -8.451542547285166851e-01 -8.451542547285166851e-01 1.290994448735805600e+00 1.000000000000000000e+00 7.745966692414834043e-01
-1.000000000000000000e+00 -8.451542547285166851e-01 -8.451542547285166851e-01 1.290994448735805600e+00 1.000000000000000000e+00 7.745966692414834043e-01
-1.000000000000000000e+00 -8.451542547285166851e-01 -8.451542547285166851e-01 1.290994448735805600e+00 1.000000000000000000e+00 7.745966692414834043e-01
-1.000000000000000000e+00 -8.451542547285166851e-01 -8.451542547285166851e-01 1.290994448735805600e+00 1.000000000000000000e+00 7.745966692414834043e-01
-1.000000000000000000e+00 -8.451542547285166851e-01 -8.451542547285166851e-01 -7.745966692414834043e-01 1.000000000000000000e+00 7.745966692414834043e-01
-1.000000000000000000e+00 -8.451542547285166851e-01 -8.451542547285166851e-01 -7.745966692414834043e-01 1.000000000000000000e+00 7.745966692414834043e-01
-1.000000000000000000e+00 -8.451542547285166851e-01 -8.451542547285166851e-01 -7.745966692414834043e-01 1.000000000000000000e+00 7.745966692414834043e-01
-1.000000000000000000e+00 -8.451542547285166851e-01 -8.451542547285166851e-01 -7.745966692414834043e-01 1.000000000000000000e+00 7.745966692414834043e-01
-1.000000000000000000e+00 -8.451542547285166851e-01 -8.451542547285166851e-01 -7.745966692414834043e-01 1.000000000000000000e+00 7.745966692414834043e-01
1.000000000000000000e+00 -8.451542547285166851e-01 1.183215956619923181e+00 -7.745966692414834043e-01 -1.000000000000000000e+00 7.745966692414834043e-01
1.000000000000000000e+00 -8.451542547285166851e-01 1.183215956619923181e+00 -7.745966692414834043e-01 -1.000000000000000000e+00 7.745966692414834043e-01
1.000000000000000000e+00 -8.451542547285166851e-01 1.183215956619923181e+00 -7.745966692414834043e-01 -1.000000000000000000e+00 7.745966692414834043e-01
1.000000000000000000e+00 -8.451542547285166851e-01 1.183215956619923181e+00 -7.745966692414834043e-01 -1.000000000000000000e+00 7.745966692414834043e-01
1.000000000000000000e+00 -8.451542547285166851e-01 1.183215956619923181e+00 -7.745966692414834043e-01 -1.000000000000000000e+00 7.745966692414834043e-01
1.000000000000000000e+00 1.183215956619923181e+00 1.183215956619923181e+00 -7.745966692414834043e-01 -1.000000000000000000e+00 -1.290994448735805600e+00
1.000000000000000000e+00 1.183215956619923181e+00 1.183215956619923181e+00 -7.745966692414834043e-01 -1.000000000000000000e+00 -1.290994448735805600e+00
1.000000000000000000e+00 1.183215956619923181e+00 1.183215956619923181e+00 -7.745966692414834043e-01 -1.000000000000000000e+00 -1.290994448735805600e+00
1.000000000000000000e+00 1.183215956619923181e+00 1.183215956619923181e+00 -7.745966692414834043e-01 -1.000000000000000000e+00 -1.290994448735805600e+00
1.000000000000000000e+00 1.183215956619923181e+00 1.183215956619923181e+00 -7.745966692414834043e-01 -1.000000000000000000e+00 -1.290994448735805600e+00
1.000000000000000000e+00 1.183215956619923181e+00 1.183215956619923181e+00 -7.745966692414834043e-01 -1.000000000000000000e+00 -1.290994448735805600e+00
1.000000000000000000e+00 1.183215956619923181e+00 1.183215956619923181e+00 -7.745966692414834043e-01 -1.000000000000000000e+00 -1.290994448735805600e+00
1.000000000000000000e+00 1.183215956619923181e+00 1.183215956619923181e+00 -7.745966692414834043e-01 -1.000000000000000000e+00 -1.290994448735805600e+00
1.000000000000000000e+00 1.183215956619923181e+00 1.183215956619923181e+00 -7.745966692414834043e-01 -1.000000000000000000e+00 -1.290994448735805600e+00
1.000000000000000000e+00 1.183215956619923181e+00 1.183215956619923181e+00 -7.745966692414834043e-01 -1.000000000000000000e+00 -1.290994448735805600e+00
-1.000000000000000000e+00 1.183215956619923181e+00 1.183215956619923181e+00 -7.745966692414834043e-01 -1.000000000000000000e+00 -1.290994448735805600e+00
-1.000000000000000000e+00 1.183215956619923181e+00 1.183215956619923181e+00 -7.745966692414834043e-01 -1.000000000000000000e+00 -1.290994448735805600e+00
-1.000000000000000000e+00 1.183215956619923181e+00 1.183215956619923181e+00 -7.745966692414834043e-01 -1.000000000000000000e+00 -1.290994448735805600e+00
-1.000000000000000000e+00 1.183215956619923181e+00 1.183215956619923181e+00 -7.745966692414834043e-01 -1.000000000000000000e+00 -1.290994448735805600e+00
-1.000000000000000000e+00 1.183215956619923181e+00 1.183215956619923181e+00 -7.745966692414834043e-01 -1.000000000000000000e+00 -1.290994448735805600e+00
-1.000000000000000000e+00 1.183215956619923181e+00 1.183215956619923181e+00 1.290994448735805600e+00 1.000000000000000000e+00 7.745966692414834043e-01
-1.000000000000000000e+00 1.183215956619923181e+00 1.183215956619923181e+00 1.290994448735805600e+00 1.000000000000000000e+00 7.745966692414834043e-01
-1.000000000000000000e+00 1.183215956619923181e+00 1.183215956619923181e+00 1.290994448735805600e+00 1.000000000000000000e+00 7.745966692414834043e-01
-1.000000000000000000e+00 1.183215956619923181e+00 1.183215956619923181e+00 1.290994448735805600e+00 1.000000000000000000e+00 7.745966692414834043e-01
-1.000000000000000000e+00 1.183215956619923181e+00 1.183215956619923181e+00 1.290994448735805600e+00 1.000000000000000000e+00 7.745966692414834043e-01
-1.000000000000000000e+00 -8.451542547285166851e-01 -8.451542547285166851e-01 1.290994448735805600e+00 1.000000000000000000e+00 7.745966692414834043e-01
-1.000000000000000000e+00 -8.451542547285166851e-01 -8.451542547285166851e-01 1.290994448735805600e+00 1.000000000000000000e+00 7.745966692414834043e-01
-1.000000000000000000e+00 -8.451542547285166851e-01 -8.451542547285166851e-01 1.290994448735805600e+00 1.000000000000000000e+00 7.745966692414834043e-01
-1.000000000000000000e+00 -8.451542547285166851e-01 -8.451542547285166851e-01 1.290994448735805600e+00 1.000000000000000000e+00 7.745966692414834043e-01
-1.000000000000000000e+00 -8.451542547285166851e-01 -8.451542547285166851e-01 1.290994448735805600e+00 1.000000000000000000e+00 7.745966692414834043e-01
1.000000000000000000e+00 -8.451542547285166851e-01 -8.451542547285166851e-01 1.290994448735805600e+00 1.000000000000000000e+00 7.745966692414834043e-01
1.000000000000000000e+00 -8.451542547285166851e-01 -8.451542547285166851e-01 1.290994448735805600e+00 1.000000000000000000e+00 7.745966692414834043e-01
1.000000000000000000e+00 -8.451542547285166851e-01 -8.451542547285166851e-01 1.290994448735805600e+00 1.000000000000000000e+00 7.745966692414834043e-01
1.000000000000000000e+00 -8.451542547285166851e-01 -8.451542547285166851e-01 1.290994448735805600e+00 1.000000000000000000e+00 7.745966692414834043e-01
1.000000000000000000e+00 -8.451542547285166851e-01 -8.451542547285166851e-01 1.290994448735805600e+00 1.000000000000000000e+00 7.745966692414834043e-01
1.000000000000000000e+00 -8.451542547285166851e-01 -8.451542547285166851e-01 -7.745966692414834043e-01 1.000000000000000000e+00 7.745966692414834043e-01
1.000000000000000000e+00 -8.451542547285166851e-01 -8.451542547285166851e-01 -7.745966692414834043e-01 1.000000000000000000e+00 7.745966692414834043e-01
1.000000000000000000e+00 -8.451542547285166851e-01 -8.451542547285166851e-01 -7.745966692414834043e-01 1.000000000000000000e+00 7.745966692414834043e-01
1.000000000000000000e+00 -8.451542547285166851e-01 -8.451542547285166851e-01 -7.745966692414834043e-01 1.000000000000000000e+00 7.745966692414834043e-01
1.000000000000000000e+00 -8.451542547285166851e-01 -8.451542547285166851e-01 -7.745966692414834043e-01 1.000000000000000000e+00 7.745966692414834043e-01
1.000000000000000000e+00 -8.451542547285166851e-01 -8.451542547285166851e-01 -7.745966692414834043e-01 -1.000000000000000000e+00 7.745966692414834043e-01
1.000000000000000000e+00 -8.451542547285166851e-01 -8.451542547285166851e-01 -7.745966692414834043e-01 -1.000000000000000000e+00 7.745966692414834043e-01
1.000000000000000000e+00 -8.451542547285166851e-01 -8.451542547285166851e-01 -7.745966692414834043e-01 -1.000000000000000000e+00 7.745966692414834043e-01
1.000000000000000000e+00 -8.451542547285166851e-01 -8.451542547285166851e-01 -7.745966692414834043e-01 -1.000000000000000000e+00 7.745966692414834043e-01
1.000000000000000000e+00 -8.451542547285166851e-01 -8.451542547285166851e-01 -7.745966692414834043e-01 -1.000000000000000000e+00 7.745966692414834043e-01
-1.000000000000000000e+00 -8.451542547285166851e-01 -8.451542547285166851e-01 -7.745966692414834043e-01 -1.000000000000000000e+00 -1.290994448735805600e+00
-1.000000000000000000e+00 -8.451542547285166851e-01 -8.451542547285166851e-01 -7.745966692414834043e-01 -1.000000000000000000e+00 -1.290994448735805600e+00
-1.000000000000000000e+00 -8.451542547285166851e-01 -8.451542547285166851e-01 -7.745966692414834043e-01 -1.000000000000000000e+00 -1.290994448735805600e+00
-1.000000000000000000e+00 -8.451542547285166851e-01 -8.451542547285166851e-01 -7.745966692414834043e-01 -1.000000000000000000e+00 -1.290994448735805600e+00
-1.000000000000000000e+00 -8.451542547285166851e-01 -8.451542547285166851e-01 -7.745966692414834043e-01 -1.000000000000000000e+00 -1.290994448735805600e+00
-1.000000000000000000e+00 1.183215956619923181e+00 -8.451542547285166851e-01 -7.745966692414834043e-01 -1.000000000000000000e+00 -1.290994448735805600e+00
-1.000000000000000000e+00 1.183215956619923181e+00 -8.451542547285166851e-01 -7.745966692414834043e-01 -1.000000000000000000e+00 -1.290994448735805600e+00
-1.000000000000000000e+00 1.183215956619923181e+00 -8.451542547285166851e-01 -7.745966692414834043e-01 -1.000000000000000000e+00 -1.290994448735805600e+00
-1.000000000000000000e+00 1.183215956619923181e+00 -8.451542547285166851e-01 -7.745966692414834043e-01 -1.000000000000000000e+00 -1.290994448735805600e+00
-1.000000000000000000e+00 1.183215956619923181e+00 -8.451542547285166851e-01 -7.745966692414834043e-01 -1.000000000000000000e+00 -1.290994448735805600e+00
-1.000000000000000000e+00 1.183215956619923181e+00 -8.451542547285166851e-01 -7.745966692414834043e-01 -1.000000000000000000e+00 -1.290994448735805600e+00
-1.000000000000000000e+00 1.183215956619923181e+00 -8.451542547285166851e-01 -7.745966692414834043e-01 -1.000000000000000000e+00 -1.290994448735805600e+00
-1.000000000000000000e+00 1.183215956619923181e+00 -8.451542547285166851e-01 -7.745966692414834043e-01 -1.000000000000000000e+00 -1.290994448735805600e+00
-1.000000000000000000e+00 1.183215956619923181e+00 -8.451542547285166851e-01 -7.745966692414834043e-01 -1.000000000000000000e+00 -1.290994448735805600e+00
-1.000000000000000000e+00 1.183215956619923181e+00 -8.451542547285166851e-01 -7.745966692414834043e-01 -1.000000000000000000e+00 -1.290994448735805600e+00
1.000000000000000000e+00 1.183215956619923181e+00 1.183215956619923181e+00 1.290994448735805600e+00 1.000000000000000000e+00 7.745966692414834043e-01
1.000000000000000000e+00 1.183215956619923181e+00 1.183215956619923181e+00 1.290994448735805600e+00 1.000000000000000000e+00 7.745966692414834043e-01
1.000000000000000000e+00 1.183215956619923181e+00 1.183215956619923181e+00 1.290994448735805600e+00 1.000000000000000000e+00 7.745966692414834043e-01
1.000000000000000000e+00 1.183215956619923181e+00 1.183215956619923181e+00 1.290994448735805600e+00 1.000000000000000000e+00 7.745966692414834043e-01
1.000000000000000000e+00 1.183215956619923181e+00 1.183215956619923181e+00 1.290994448735805600e+00 1.000000000000000000e+00 7.745966692414834043e-01
1.000000000000000000e+00 1.183215956619923181e+00 1.183215956619923181e+00 1.290994448735805600e+00 1.000000000000000000e+00 7.745966692414834043e-01
1.000000000000000000e+00 1.183215956619923181e+00 1.183215956619923181e+00 1.290994448735805600e+00 1.000000000000000000e+00 7.745966692414834043e-01
1.000000000000000000e+00 1.183215956619923181e+00 1.183215956619923181e+00 1.290994448735805600e+00 1.000000000000000000e+00 7.745966692414834043e-01
1.000000000000000000e+00 1.183215956619923181e+00 1.183215956619923181e+00 1.290994448735805600e+00 1.000000000000000000e+00 7.745966692414834043e-01
1.000000000000000000e+00 1.183215956619923181e+00 1.183215956619923181e+00 1.290994448735805600e+00 1.000000000000000000e+00 7.745966692414834043e-01
1.000000000000000000e+00 -8.451542547285166851e-01 1.183215956619923181e+00 1.290994448735805600e+00 1.000000000000000000e+00 7.745966692414834043e-01
1.000000000000000000e+00 -8.451542547285166851e-01 1.183215956619923181e+00 1.290994448735805600e+00 1.000000000000000000e+00 7.745966692414834043e-01
1.000000000000000000e+00 -8.451542547285166851e-01 1.183215956619923181e+00 1.290994448735805600e+00 1.000000000000000000e+00 7.745966692414834043e-01
1.000000000000000000e+00 -8.451542547285166851e-01 1.183215956619923181e+00 1.290994448735805600e+00 1.000000000000000000e+00 7.745966692414834043e-01
1.000000000000000000e+00 -8.451542547285166851e-01 1.183215956619923181e+00 1.290994448735805600e+00 1.000000000000000000e+00 7.745966692414834043e-01
-1.000000000000000000e+00 -8.451542547285166851e-01 1.183215956619923181e+00 -7.745966692414834043e-01 1.000000000000000000e+00 7.745966692414834043e-01
-1.000000000000000000e+00 -8.451542547285166851e-01 1.183215956619923181e+00 -7.745966692414834043e-01 1.000000000000000000e+00 7.745966692414834043e-01
-1.000000000000000000e+00 -8.451542547285166851e-01 1.183215956619923181e+00 -7.745966692414834043e-01 1.000000000000000000e+00 7.745966692414834043e-01
-1.000000000000000000e+00 -8.451542547285166851e-01 1.183215956619923181e+00 -7.745966692414834043e-01 1.000000000000000000e+00 7.745966692414834043e-01
-1.000000000000000000e+00 -8.451542547285166851e-01 1.183215956619923181e+00 -7.745966692414834043e-01 1.000000000000000000e+00 7.745966692414834043e-01
-1.000000000000000000e+00 -8.451542547285166851e-01 1.183215956619923181e+00 -7.745966692414834043e-01 -1.000000000000000000e+00 7.745966692414834043e-01
-1.000000000000000000e+00 -8.451542547285166851e-01 1.183215956619923181e+00 -7.745966692414834043e-01 -1.000000000000000000e+00 7.745966692414834043e-01
-1.000000000000000000e+00 -8.451542547285166851e-01 1.183215956619923181e+00 -7.745966692414834043e-01 -1.000000000000000000e+00 7.745966692414834043e-01
-1.000000000000000000e+00 -8.451542547285166851e-01 1.183215956619923181e+00 -7.745966692414834043e-01 -1.000000000000000000e+00 7.745966692414834043e-01
-1.000000000000000000e+00 -8.451542547285166851e-01 1.183215956619923181e+00 -7.745966692414834043e-01 -1.000000000000000000e+00 7.745966692414834043e-01
-1.000000000000000000e+00 -8.451542547285166851e-01 -8.451542547285166851e-01 -7.745966692414834043e-01 -1.000000000000000000e+00 -1.290994448735805600e+00
-1.000000000000000000e+00 -8.451542547285166851e-01 -8.451542547285166851e-01 -7.745966692414834043e-01 -1.000000000000000000e+00 -1.290994448735805600e+00
-1.000000000000000000e+00 -8.451542547285166851e-01 -8.451542547285166851e-01 -7.745966692414834043e-01 -1.000000000000000000e+00 -1.290994448735805600e+00
-1.000000000000000000e+00 -8.451542547285166851e-01 -8.451542547285166851e-01 -7.745966692414834043e-01 -1.000000000000000000e+00 -1.290994448735805600e+00
-1.000000000000000000e+00 -8.451542547285166851e-01 -8.451542547285166851e-01 -7.745966692414834043e-01 -1.000000000000000000e+00 -1.290994448735805600e+00
1.000000000000000000e+00 -8.451542547285166851e-01 -8.451542547285166851e-01 -7.745966692414834043e-01 -1.000000000000000000e+00 -1.290994448735805600e+00
1.000000000000000000e+00 -8.451542547285166851e-01 -8.451542547285166851e-01 -7.745966692414834043e-01 -1.000000000000000000e+00 -1.290994448735805600e+00
1.000000000000000000e+00 -8.451542547285166851e-01 -8.451542547285166851e-01 -7.745966692414834043e-01 -1.000000000000000000e+00 -1.290994448735805600e+00
1.000000000000000000e+00 -8.451542547285166851e-01 -8.451542547285166851e-01 -7.745966692414834043e-01 -1.000000000000000000e+00 -1.290994448735805600e+00
1.000000000000000000e+00 -8.451542547285166851e-01 -8.451542547285166851e-01 -7.745966692414834043e-01 -1.000000000000000000e+00 -1.290994448735805600e+00
1.000000000000000000e+00 1.183215956619923181e+00 -8.451542547285166851e-01 -7.745966692414834043e-01 -1.000000000000000000e+00 -1.290994448735805600e+00
1.000000000000000000e+00 1.183215956619923181e+00 -8.451542547285166851e-01 -7.745966692414834043e-01 -1.000000000000000000e+00 -1.290994448735805600e+00
1.000000000000000000e+00 1.183215956619923181e+00 -8.451542547285166851e-01 -7.745966692414834043e-01 -1.000000000000000000e+00 -1.290994448735805600e+00
1.000000000000000000e+00 1.183215956619923181e+00 -8.451542547285166851e-01 -7.745966692414834043e-01 -1.000000000000000000e+00 -1.290994448735805600e+00
1.000000000000000000e+00 1.183215956619923181e+00 -8.451542547285166851e-01 -7.745966692414834043e-01 -1.000000000000000000e+00 -1.290994448735805600e+00
1.000000000000000000e+00 1.183215956619923181e+00 -8.451542547285166851e-01 1.290994448735805600e+00 1.000000000000000000e+00 7.745966692414834043e-01
1.000000000000000000e+00 1.183215956619923181e+00 -8.451542547285166851e-01 1.290994448735805600e+00 1.000000000000000000e+00 7.745966692414834043e-01
1.000000000000000000e+00 1.183215956619923181e+00 -8.451542547285166851e-01 1.290994448735805600e+00 1.000000000000000000e+00 7.745966692414834043e-01
1.000000000000000000e+00 1.183215956619923181e+00 -8.451542547285166851e-01 1.290994448735805600e+00 1.000000000000000000e+00 7.745966692414834043e-01
1.000000000000000000e+00 1.183215956619923181e+00 -8.451542547285166851e-01 1.290994448735805600e+00 1.000000000000000000e+00 7.745966692414834043e-01
-1.000000000000000000e+00 1.183215956619923181e+00 -8.451542547285166851e-01 1.290994448735805600e+00 1.000000000000000000e+00 7.745966692414834043e-01
-1.000000000000000000e+00 1.183215956619923181e+00 -8.451542547285166851e-01 1.290994448735805600e+00 1.000000000000000000e+00 7.745966692414834043e-01
-1.000000000000000000e+00 1.183215956619923181e+00 -8.451542547285166851e-01 1.290994448735805600e+00 1.000000000000000000e+00 7.745966692414834043e-01
-1.000000000000000000e+00 1.183215956619923181e+00 -8.451542547285166851e-01 1.290994448735805600e+00 1.000000000000000000e+00 7.745966692414834043e-01
-1.000000000000000000e+00 1.183215956619923181e+00 -8.451542547285166851e-01 1.290994448735805600e+00 1.000000000000000000e+00 7.745966692414834043e-01
-1.000000000000000000e+00 1.183215956619923181e+00 -8.451542547285166851e-01 1.290994448735805600e+00 1.000000000000000000e+00 7.745966692414834043e-01
-1.000000000000000000e+00 1.183215956619923181e+00 -8.451542547285166851e-01 1.290994448735805600e+00 1.000000000000000000e+00 7.745966692414834043e-01
-1.000000000000000000e+00 1.183215956619923181e+00 -8.451542547285166851e-01 1.290994448735805600e+00 1.000000000000000000e+00 7.745966692414834043e-01
-1.000000000000000000e+00 1.183215956619923181e+00 -8.451542547285166851e-01 1.290994448735805600e+00 1.000000000000000000e+00 7.745966692414834043e-01
-1.000000000000000000e+00 1.183215956619923181e+00 -8.451542547285166851e-01 1.290994448735805600e+00 1.000000000000000000e+00 7.745966692414834043e-01
-1.000000000000000000e+00 -8.451542547285166851e-01 -8.451542547285166851e-01 -7.745966692414834043e-01 1.000000000000000000e+00 7.745966692414834043e-01
-1.000000000000000000e+00 -8.451542547285166851e-01 -8.451542547285166851e-01 -7.745966692414834043e-01 1.000000000000000000e+00 7.745966692414834043e-01
-1.000000000000000000e+00 -8.451542547285166851e-01 -8.451542547285166851e-01 -7.745966692414834043e-01 1.000000000000000000e+00 7.745966692414834043e-01
-1.000000000000000000e+00 -8.451542547285166851e-01 -8.451542547285166851e-01 -7.745966692414834043e-01 1.000000000000000000e+00 7.745966692414834043e-01
-1.000000000000000000e+00 -8.451542547285166851e-01 -8.451542547285166851e-01 -7.745966692414834043e-01 1.000000000000000000e+00 7.745966692414834043e-01
1.000000000000000000e+00 -8.451542547285166851e-01 1.183215956619923181e+00 -7.745966692414834043e-01 -1.000000000000000000e+00 7.745966692414834043e-01
1.000000000000000000e+00 -8.451542547285166851e-01 1.183215956619923181e+00 -7.745966692414834043e-01 -1.000000000000000000e+00 7.745966692414834043e-01
1.000000000000000000e+00 -8.451542547285166851e-01 1.183215956619923181e+00 -7.745966692414834043e-01 -1.000000000000000000e+00 7.745966692414834043e-01
1.000000000000000000e+00 -8.451542547285166851e-01 1.183215956619923181e+00 -7.745966692414834043e-01 -1.000000000000000000e+00 7.745966692414834043e-01
1.000000000000000000e+00 -8.451542547285166851e-01 1.183215956619923181e+00 -7.745966692414834043e-01 -1.000000000000000000e+00 7.745966692414834043e-01
1.000000000000000000e+00 -8.451542547285166851e-01 1.183215956619923181e+00 -7.745966692414834043e-01 -1.000000000000000000e+00 -1.290994448735805600e+00
1.000000000000000000e+00 -8.451542547285166851e-01 1.183215956619923181e+00 -7.745966692414834043e-01 -1.000000000000000000e+00 -1.290994448735805600e+00
1.000000000000000000e+00 -8.451542547285166851e-01 1.183215956619923181e+00 -7.745966692414834043e-01 -1.000000000000000000e+00 -1.290994448735805600e+00
1.000000000000000000e+00 -8.451542547285166851e-01 1.183215956619923181e+00 -7.745966692414834043e-01 -1.000000000000000000e+00 -1.290994448735805600e+00
1.000000000000000000e+00 -8.451542547285166851e-01 1.183215956619923181e+00 -7.745966692414834043e-01 -1.000000000000000000e+00 -1.290994448735805600e+00
1.000000000000000000e+00 -8.451542547285166851e-01 1.183215956619923181e+00 -7.745966692414834043e-01 -1.000000000000000000e+00 -1.290994448735805600e+00
1.000000000000000000e+00 -8.451542547285166851e-01 1.183215956619923181e+00 -7.745966692414834043e-01 -1.000000000000000000e+00 -1.290994448735805600e+00
1.000000000000000000e+00 -8.451542547285166851e-01 1.183215956619923181e+00 -7.745966692414834043e-01 -1.000000000000000000e+00 -1.290994448735805600e+00
1.000000000000000000e+00 -8.451542547285166851e-01 1.183215956619923181e+00 -7.745966692414834043e-01 -1.000000000000000000e+00 -1.290994448735805600e+00
1.000000000000000000e+00 -8.451542547285166851e-01 1.183215956619923181e+00 -7.745966692414834043e-01 -1.000000000000000000e+00 -1.290994448735805600e+00
-1.000000000000000000e+00 -8.451542547285166851e-01 1.183215956619923181e+00 -7.745966692414834043e-01 -1.000000000000000000e+00 -1.290994448735805600e+00
-1.000000000000000000e+00 -8.451542547285166851e-01 1.183215956619923181e+00 -7.745966692414834043e-01 -1.000000000000000000e+00 -1.290994448735805600e+00
-1.000000000000000000e+00 -8.451542547285166851e-01 1.183215956619923181e+00 -7.745966692414834043e-01 -1.000000000000000000e+00 -1.290994448735805600e+00
-1.000000000000000000e+00 -8.451542547285166851e-01 1.183215956619923181e+00 -7.745966692414834043e-01 -1.000000000000000000e+00 -1.290994448735805600e+00
-1.000000000000000000e+00 -8.451542547285166851e-01 1.183215956619923181e+00 -7.745966692414834043e-01 -1.000000000000000000e+00 -1.290994448735805600e+00
-1.000000000000000000e+00 1.183215956619923181e+00 1.183215956619923181e+00 1.290994448735805600e+00 1.000000000000000000e+00 7.745966692414834043e-01
-1.000000000000000000e+00 1.183215956619923181e+00 1.183215956619923181e+00 1.290994448735805600e+00 1.000000000000000000e+00 7.745966692414834043e-01
-1.000000000000000000e+00 1.183215956619923181e+00 1.183215956619923181e+00 1.290994448735805600e+00 1.000000000000000000e+00 7.745966692414834043e-01
-1.000000000000000000e+00 1.183215956619923181e+00 1.183215956619923181e+00 1.290994448735805600e+00 1.000000000000000000e+00 7.745966692414834043e-01
-1.000000000000000000e+00 1.183215956619923181e+00 1.183215956619923181e+00 1.290994448735805600e+00 1.000000000000000000e+00 7.745966692414834043e-01
-1.000000000000000000e+00 1.183215956619923181e+00 -8.451542547285166851e-01 1.290994448735805600e+00 1.000000000000000000e+00 7.745966692414834043e-01
-1.000000000000000000e+00 1.183215956619923181e+00 -8.451542547285166851e-01 1.290994448735805600e+00 1.000000000000000000e+00 7.745966692414834043e-01
-1.000000000000000000e+00 1.183215956619923181e+00 -8.451542547285166851e-01 1.290994448735805600e+00 1.000000000000000000e+00 7.745966692414834043e-01
-1.000000000000000000e+00 1.183215956619923181e+00 -8.451542547285166851e-01 1.290994448735805600e+00 1.000000000000000000e+00 7.745966692414834043e-01
-1.000000000000000000e+00 1.183215956619923181e+00 -8.451542547285166851e-01 1.290994448735805600e+00 1.000000000000000000e+00 7.745966692414834043e-01
1.000000000000000000e+00 1.183215956619923181e+00 -8.451542547285166851e-01 1.290994448735805600e+00 1.000000000000000000e+00 7.745966692414834043e-01
1.000000000000000000e+00 1.183215956619923181e+00 -8.451542547285166851e-01 1.290994448735805600e+00 1.000000000000000000e+00 7.745966692414834043e-01
1.000000000000000000e+00 1.183215956619923181e+00 -8.451542547285166851e-01 1.290994448735805600e+00 1.000000000000000000e+00 7.745966692414834043e-01
1.000000000000000000e+00 1.183215956619923181e+00 -8.451542547285166851e-01 1.290994448735805600e+00 1.000000000000000000e+00 7.745966692414834043e-01
1.000000000000000000e+00 1.183215956619923181e+00 -8.451542547285166851e-01 1.290994448735805600e+00 1.000000000000000000e+00 7.745966692414834043e-01
1.000000000000000000e+00 1.183215956619923181e+00 -8.451542547285166851e-01 -7.745966692414834043e-01 1.000000000000000000e+00 7.745966692414834043e-01
1.000000000000000000e+00 1.183215956619923181e+00 -8.451542547285166851e-01 -7.745966692414834043e-01 1.000000000000000000e+00 7.745966692414834043e-01
1.000000000000000000e+00 1.183215956619923181e+00 -8.451542547285166851e-01 -7.745966692414834043e-01 1.000000000000000000e+00 7.745966692414834043e-01
1.000000000000000000e+00 1.183215956619923181e+00 -8.451542547285166851e-01 -7.745966692414834043e-01 1.000000000000000000e+00 7.745966692414834043e-01
1.000000000000000000e+00 1.183215956619923181e+00 -8.451542547285166851e-01 -7.745966692414834043e-01 1.000000000000000000e+00 7.745966692414834043e-01
1.000000000000000000e+00 -8.451542547285166851e-01 -8.451542547285166851e-01 -7.745966692414834043e-01 -1.000000000000000000e+00 7.745966692414834043e-01
1.000000000000000000e+00 -8.451542547285166851e-01 -8.451542547285166851e-01 -7.745966692414834043e-01 -1.000000000000000000e+00 7.745966692414834043e-01
1.000000000000000000e+00 -8.451542547285166851e-01 -8.451542547285166851e-01 -7.745966692414834043e-01 -1.000000000000000000e+00 7.745966692414834043e-01
1.000000000000000000e+00 -8.451542547285166851e-01 -8.451542547285166851e-01 -7.745966692414834043e-01 -1.000000000000000000e+00 7.745966692414834043e-01
1.000000000000000000e+00 -8.451542547285166851e-01 -8.451542547285166851e-01 -7.745966692414834043e-01 -1.000000000000000000e+00 7.745966692414834043e-01
-1.000000000000000000e+00 -8.451542547285166851e-01 -8.451542547285166851e-01 -7.745966692414834043e-01 -1.000000000000000000e+00 -1.290994448735805600e+00
-1.000000000000000000e+00 -8.451542547285166851e-01 -8.451542547285166851e-01 -7.745966692414834043e-01 -1.000000000000000000e+00 -1.290994448735805600e+00
-1.000000000000000000e+00 -8.451542547285166851e-01 -8.451542547285166851e-01 -7.745966692414834043e-01 -1.000000000000000000e+00 -1.290994448735805600e+00
-1.000000000000000000e+00 -8.451542547285166851e-01 -8.451542547285166851e-01 -7.745966692414834043e-01 -1.000000000000000000e+00 -1.290994448735805600e+00
-1.000000000000000000e+00 -8.451542547285166851e-01 -8.451542547285166851e-01 -7.745966692414834043e-01 -1.000000000000000000e+00 -1.290994448735805600e+00
-1.000000000000000000e+00 -8.451542547285166851e-01 -8.451542547285166851e-01 -7.745966692414834043e-01 -1.000000000000000000e+00 -1.290994448735805600e+00
-1.000000000000000000e+00 -8.451542547285166851e-01 -8.451542547285166851e-01 -7.745966692414834043e-01 -1.000000000000000000e+00 -1.290994448735805600e+00
-1.000000000000000000e+00 -8.451542547285166851e-01 -8.451542547285166851e-01 -7.745966692414834043e-01 -1.000000000000000000e+00 -1.290994448735805600e+00
-1.000000000000000000e+00 -8.451542547285166851e-01 -8.451542547285166851e-01 -7.745966692414834043e-01 -1.000000000000000000e+00 -1.290994448735805600e+00
-1.000000000000000000e+00 -8.451542547285166851e-01 -8.451542547285166851e-01 -7.745966692414834043e-01 -1.000000000000000000e+00 -1.290994448735805600e+00
-1.000000000000000000e+00 -8.451542547285166851e-01 -8.451542547285166851e-01 -7.745966692414834043e-01 -1.000000000000000000e+00 -1.290994448735805600e+00
-1.000000000000000000e+00 -8.451542547285166851e-01 -8.451542547285166851e-01 -7.745966692414834043e-01 -1.000000000000000000e+00 -1.290994448735805600e+00
-1.000000000000000000e+00 -8.451542547285166851e-01 -8.451542547285166851e-01 -7.745966692414834043e-01 -1.000000000000000000e+00 -1.290994448735805600e+00
-1.000000000000000000e+00 -8.451542547285166851e-01 -8.451542547285166851e-01 -7.745966692414834043e-01 -1.000000000000000000e+00 -1.290994448735805600e+00
-1.000000000000000000e+00 -8.451542547285166851e-01 -8.451542547285166851e-01 -7.745966692414834043e-01 -1.000000000000000000e+00 -1.290994448735805600e+00
